function [a,b,c]=egitim_verileri_giris(ad,gir,cik)
a=[5 10 1];  
b=[0 0 0 0 1;0 0 1 1 1;0 1 0 0 1;0 1 1 0 1;1 0 0 0 1;1 0 1 0 0;1 1 0 0 0;1 1 1 1 0];
c=[0.1;0.2;0.2;0.1;0.4;0.1;0.3;0.1];
end