%111503049 Mehmet Bozan >> Yapay Zeka 

%x1=Yol Sathýnda Gevþek Mazeme
%x2=Yolda Münferit Çukur
%x3=Tekerlek Ýzinde Oturma
%x4=Kýsmi veya Münferit Çökme
%x5=Düþük Banket
%x6=Köprü Çökmesi
%x7=Heyelandan Dolayý Þerit Çökmesi

%x1=%41.72
%x2=%23.87
%x3=%16.56
%x4=%5.48
%x5=%4.62
%x6=%6.56
%x7=%1.18 
      

ntool_giris=[0 0 0 0 0 0 1 0 0 1 0;0 0 0 0 0 1 0 1 1 1 0;0 0 0 0 1 0 1 0 1 0 1;0 0 0 0 0 0 0 1 1 0 0;0 0 1 0 0 0 0 0 0 1 1;0 1 0 0 0 0 0 0 0 0 0;1 0 0 0 0 0 0 0 0 1 0];
ntool_cikis=[0.012,0.065,0.046,0.054,0.16,0.23,0.42,0.29,0.45,0.66,0.21];
